0.10000000000000001 1
0.20000000000000001 1
0.30000000000000004 1
0.40000000000000002 1
0.5 1
0.59999999999999998 1
0.69999999999999996 1
0.79999999999999993 1
0.89999999999999991 1
0.99999999999999989 1
1.0999999999999999 1
1.2 1
1.3 1
1.4000000000000001 2
1.5000000000000002 2
1.6000000000000003 2
1.7000000000000004 2
1.8000000000000005 3
1.9000000000000006 3
2.0000000000000004 3
2.1000000000000005 3
2.2000000000000006 3
2.3000000000000007 4
2.4000000000000008 5
2.5000000000000009 5
2.600000000000001 5
2.7000000000000011 6
2.8000000000000012 7
2.9000000000000012 8
3.0000000000000013 8
3.1000000000000014 9
3.2000000000000015 11
3.3000000000000016 12
3.4000000000000017 12
3.5000000000000018 13
3.6000000000000019 16
3.700000000000002 18
3.800000000000002 18
3.9000000000000021 19
4.0000000000000018 22
4.1000000000000014 25
4.2000000000000011 27
4.3000000000000007 28
4.4000000000000004 31
4.5 34
4.5999999999999996 37
4.6999999999999993 40
4.7999999999999989 44
4.8999999999999986 47
4.9999999999999982 50
5.0999999999999979 53
5.1999999999999975 56
5.2999999999999972 59
5.3999999999999968 63
5.4999999999999964 66
5.5999999999999961 69
5.6999999999999957 72
5.7999999999999954 75
5.899999999999995 78
5.9999999999999947 82
6.0999999999999943 85
6.199999999999994 88
6.2999999999999936 91
6.3999999999999932 94
6.4999999999999929 97
6.5999999999999925 101
6.6999999999999922 104
6.7999999999999918 107
6.8999999999999915 110
6.9999999999999911 56
7.0999999999999908 56
7.1999999999999904 56
7.2999999999999901 56
7.3999999999999897 56
7.4999999999999893 56
7.599999999999989 56
7.6999999999999886 56
7.7999999999999883 56
7.8999999999999879 56
7.9999999999999876 56
8.0999999999999872 56
8.1999999999999869 56
8.2999999999999865 56
8.3999999999999861 56
8.4999999999999858 56
8.5999999999999854 56
8.6999999999999851 56
8.7999999999999847 56
8.8999999999999844 56
8.999999999999984 56
9.0999999999999837 56
9.1999999999999833 56
9.2999999999999829 56
9.3999999999999826 56
9.4999999999999822 1
9.5999999999999819 1
9.6999999999999815 1
9.7999999999999812 2
9.8999999999999808 2
9.9999999999999805 2
10.09999999999998 2
10.19999999999998 3
10.299999999999979 4
10.399999999999979 4
10.499999999999979 4
10.599999999999978 5
10.699999999999978 6
10.799999999999978 6
10.899999999999977 6
10.999999999999977 7
11.099999999999977 8
11.199999999999976 8
11.299999999999976 8
11.399999999999975 9
11.499999999999975 12
11.599999999999975 12
11.699999999999974 12
11.799999999999974 13
11.899999999999974 15
11.999999999999973 16
12.099999999999973 16
12.199999999999973 17
12.299999999999972 20
12.399999999999972 22
12.499999999999972 22
12.599999999999971 23
12.699999999999971 26
12.799999999999971 28
12.89999999999997 28.0714
12.99999999999997 28.107
13.099999999999969 28.2136
13.199999999999969 28.2491
13.299999999999969 28.2491
13.399999999999968 28.2491
13.499999999999968 28.2491
13.599999999999968 28.2491
13.699999999999967 28.3551
13.799999999999967 28.4608
13.899999999999967 28.5661
13.999999999999966 28.671
14.099999999999966 28.7755
14.199999999999966 28.8796
14.299999999999965 29.0179
14.399999999999965 29.1211
14.499999999999964 29.224
14.599999999999964 29.3265
14.699999999999964 29.4287
14.799999999999963 29.5305
14.899999999999963 29.6658
14.999999999999963 29.7668
15.099999999999962 29.8675
15.199999999999962 29.9678
15.299999999999962 30.0678
15.399999999999961 30.1674
15.499999999999961 30.2998
15.599999999999961 30.3987
15.69999999999996 30.4973
15.79999999999996 30.5956
15.899999999999959 30.6935
15.999999999999959 30.7912
16.099999999999959 30.9209
16.19999999999996 31.0178
16.299999999999962 31.1144
16.399999999999963 31.2107
16.499999999999964 31.3067
16.599999999999966 31.4025
16.699999999999967 31.5296
16.799999999999969 31.6247
16.89999999999997 31.7195
16.999999999999972 31.814
17.099999999999973 31.9082
17.199999999999974 32.0021
17.299999999999976 32.1269
17.399999999999977 32.2202
17.499999999999979 32.3132
17.59999999999998 32.406
17.699999999999982 32.4984
17.799999999999983 32.5907
17.899999999999984 32.7132
17.999999999999986 32.8049
18.099999999999987 32.8962
18.199999999999989 32.9873
18.29999999999999 33.0782
18.399999999999991 33.1688
18.499999999999993 33.2892
18.599999999999994 33.3793
18.699999999999996 33.4691
18.799999999999997 33.5586
18.899999999999999 33.6479
19 33.737
19.100000000000001 33.8554
19.200000000000003 33.944
19.300000000000004 34.0323
19.400000000000006 34.1203
19.500000000000007 34.2082
19.600000000000009 34.2958
19.70000000000001 34.4123
19.800000000000011 34.4994
19.900000000000013 34.5863
20.000000000000014 34.673
20.100000000000016 34.7594
20.200000000000017 34.8456
20.300000000000018 34.9603
20.40000000000002 35.046
20.500000000000021 35.1316
20.600000000000023 35.2169
20.700000000000024 35.302
20.800000000000026 35.3869
20.900000000000027 35.4998
21.000000000000028 35.5843
21.10000000000003 35.6685
21.200000000000031 35.7525
21.300000000000033 35.8364
21.400000000000034 35.92
21.500000000000036 36.0313
21.600000000000037 36.1145
21.700000000000038 36.1975
21.80000000000004 36.2803
21.900000000000041 36.3629
22.000000000000043 36.4454
22.100000000000044 36.555
22.200000000000045 36.637
22.300000000000047 36.7188
22.400000000000048 36.8005
22.50000000000005 36.8819
22.600000000000051 36.9632
22.700000000000053 37.0713
22.800000000000054 37.1522
22.900000000000055 37.2329
23.000000000000057 37.3134
23.100000000000058 37.3937
23.20000000000006 37.5006
23.300000000000061 37.5805
23.400000000000063 37.6603
23.500000000000064 37.7399
23.600000000000065 37.8193
23.700000000000067 37.8986
23.800000000000068 38.004
23.90000000000007 38.0829
24.000000000000071 38.1616
24.100000000000072 38.2402
24.200000000000074 38.3186
24.300000000000075 38.3968
24.400000000000077 38.5009
24.500000000000078 38.5788
24.60000000000008 38.6565
24.700000000000081 38.734
24.800000000000082 38.8114
24.900000000000084 38.8887
25.000000000000085 38.9914
25.100000000000087 39.0683
25.200000000000088 39.1451
25.30000000000009 39.2216
25.400000000000091 39.2981
25.500000000000092 39.3744
25.600000000000094 39.4759
25.700000000000095 39.5518
25.800000000000097 39.6276
25.900000000000098 39.7033
26.000000000000099 39.7788
26.100000000000101 39.8541
26.200000000000102 39.9544
26.300000000000104 40.0295
26.400000000000105 40.1044
26.500000000000107 40.1791
26.600000000000108 40.2537
26.700000000000109 40.3282
26.800000000000111 40.4273
26.900000000000112 40.5015
27.000000000000114 40.5755
27.100000000000115 40.6494
27.200000000000117 40.7231
27.300000000000118 40.7968
27.400000000000119 40.8947
27.500000000000121 40.968
27.600000000000122 41.0412
27.700000000000124 41.1143
27.800000000000125 41.1872
27.900000000000126 41.26
28.000000000000128 41.3569
28.100000000000129 41.4294
28.200000000000131 41.5017
28.300000000000132 41.574
28.400000000000134 41.6461
28.500000000000135 41.7181
28.600000000000136 41.8139
28.700000000000138 41.8856
28.800000000000139 41.9572
28.900000000000141 42.0286
29.000000000000142 42.1
29.100000000000144 42.1712
29.200000000000145 42.266
29.300000000000146 42.3369
29.400000000000148 42.4077
29.500000000000149 42.4784
29.600000000000151 42.549
29.700000000000152 42.6195
29.800000000000153 42.7133
29.900000000000155 42.7835
30.000000000000156 42.8535
30.100000000000158 42.9235
30.200000000000159 42.9934
30.300000000000161 43.0631
30.400000000000162 43.1559
30.500000000000163 43.2254
30.600000000000165 43.2948
30.700000000000166 43.364
30.800000000000168 43.4332
30.900000000000169 43.5022
31.000000000000171 43.5941
31.100000000000172 43.6629
31.200000000000173 43.7315
31.300000000000175 43.8001
31.400000000000176 43.8685
31.500000000000178 43.9369
31.600000000000179 44.0279
31.70000000000018 44.096
31.800000000000182 44.164
31.900000000000183 44.2319
32.000000000000185 44.2996
32.100000000000186 44.3673
32.200000000000188 44.4574
32.300000000000189 44.5249
32.40000000000019 44.5922
32.500000000000192 44.6595
32.600000000000193 44.7266
32.700000000000195 44.7936
32.800000000000196 44.8829
32.900000000000198 44.9497
33.000000000000199 45.0164
33.1000000000002 45.083
33.200000000000202 45.1495
33.300000000000203 45.2159
33.400000000000205 45.3043
33.500000000000206 45.3705
33.600000000000207 45.4366
33.700000000000209 45.5026
33.80000000000021 45.5685
33.900000000000212 45.6343
34.000000000000213 45.7219
34.100000000000215 45.7875
34.200000000000216 45.853
34.300000000000217 45.9183
34.400000000000219 45.9837
34.50000000000022 46.0489
34.600000000000222 46.1357
34.700000000000223 46.2007
34.800000000000225 46.2656
34.900000000000226 46.3304
35.000000000000227 46.3951
35.100000000000229 46.4597
35.20000000000023 46.5458
35.300000000000232 46.6102
35.400000000000233 46.6745
35.500000000000234 46.7388
35.600000000000236 46.8029
35.700000000000237 46.867
35.800000000000239 46.9523
35.90000000000024 47.0162
36.000000000000242 47.0799
36.100000000000243 47.1436
36.200000000000244 47.2072
36.300000000000246 47.2708
36.400000000000247 47.3553
36.500000000000249 47.4186
36.60000000000025 47.4819
36.700000000000252 47.545
36.800000000000253 47.6081
36.900000000000254 47.6711
37.000000000000256 47.7549
37.100000000000257 47.8177
37.200000000000259 47.8804
37.30000000000026 47.9431
37.400000000000261 48.0056
37.500000000000263 48.0681
37.600000000000264 48.1512
37.700000000000266 48.2135
37.800000000000267 48.2757
37.900000000000269 48.3378
38.00000000000027 48.3999
38.100000000000271 48.4618
38.200000000000273 48.5443
38.300000000000274 48.6061
38.400000000000276 48.6678
38.500000000000277 48.7294
38.600000000000279 48.7909
38.70000000000028 48.8524
38.800000000000281 48.9342
38.900000000000283 48.9955
39.000000000000284 49.0567
39.100000000000286 49.1178
39.200000000000287 49.1789
39.300000000000288 49.2399
39.40000000000029 49.3211
39.500000000000291 49.3819
39.600000000000293 49.4426
39.700000000000294 49.5032
39.800000000000296 49.5638
39.900000000000297 49.6243
40.000000000000298 49.7049
40.1000000000003 49.7652
40.200000000000301 49.8255
40.300000000000303 49.8856
40.400000000000304 49.9458
40.500000000000306 50.0058
40.600000000000307 50.0857
40.700000000000308 50.1456
40.80000000000031 50.2054
40.900000000000311 50.2652
41.000000000000313 50.3248
41.100000000000314 50.3844
41.200000000000315 50.4637
41.300000000000317 50.5232
41.400000000000318 50.5825
41.50000000000032 50.6418
41.600000000000321 50.701
41.700000000000323 50.7602
41.800000000000324 50.8389
41.900000000000325 50.8979
42.000000000000327 50.9568
42.100000000000328 51.0157
42.20000000000033 51.0745
42.300000000000331 51.1332
42.400000000000333 51.2114
42.500000000000334 51.2699
42.600000000000335 51.3284
42.700000000000337 51.3868
42.800000000000338 51.4452
42.90000000000034 51.5035
43.000000000000341 51.5811
43.100000000000342 51.6393
43.200000000000344 51.6973
43.300000000000345 51.7553
43.400000000000347 51.8133
43.500000000000348 51.8712
43.60000000000035 51.9482
43.700000000000351 52.006
43.800000000000352 52.0636
43.900000000000354 52.1212
44.000000000000355 52.1788
44.100000000000357 52.2362
44.200000000000358 52.3128
44.30000000000036 52.3701
44.400000000000361 52.4274
44.500000000000362 52.4846
44.600000000000364 52.5417
44.700000000000365 52.5988
44.800000000000367 52.6748
44.900000000000368 52.7317
45.000000000000369 52.7886
45.100000000000371 52.8454
45.200000000000372 52.9021
45.300000000000374 52.9588
45.400000000000375 53.0343
45.500000000000377 53.0909
45.600000000000378 53.1474
45.700000000000379 53.2038
45.800000000000381 53.2601
45.900000000000382 53.3165
46.000000000000384 53.3914
46.100000000000385 53.4476
46.200000000000387 53.5037
46.300000000000388 53.5598
46.400000000000389 53.6158
46.500000000000391 53.6717
46.600000000000392 53.7462
46.700000000000394 53.802
46.800000000000395 53.8577
46.900000000000396 53.9134
47.000000000000398 53.969
47.100000000000399 54.0246
47.200000000000401 54.0986
47.300000000000402 54.154
47.400000000000404 54.2094
47.500000000000405 54.2647
47.600000000000406 54.32
47.700000000000408 54.3752
47.800000000000409 54.4487
47.900000000000411 54.5038
48.000000000000412 54.5588
48.100000000000414 54.6138
48.200000000000415 54.6687
48.300000000000416 54.7236
48.400000000000418 54.7966
48.500000000000419 54.8514
48.600000000000421 54.906
48.700000000000422 54.9607
48.800000000000423 55.0152
48.900000000000425 55.0697
49.000000000000426 55.1423
49.100000000000428 55.1967
49.200000000000429 55.2511
49.300000000000431 55.3053
49.400000000000432 55.3596
49.500000000000433 55.4137
49.600000000000435 55.4859
49.700000000000436 55.5399
49.800000000000438 55.5939
49.900000000000439 55.6479
50.000000000000441 55.7018
50.100000000000442 55.7556
50.200000000000443 55.8273
50.300000000000445 55.881
50.400000000000446 55.9347
50.500000000000448 55.9883
50.600000000000449 56.0419
50.70000000000045 56.0954
50.800000000000452 56.1667
50.900000000000453 56.2201
51.000000000000455 56.2734
51.100000000000456 56.3267
51.200000000000458 56.38
51.300000000000459 56.4332
51.40000000000046 56.504
51.500000000000462 56.5571
51.600000000000463 56.6101
51.700000000000465 56.6631
51.800000000000466 56.716
51.900000000000468 56.7689
52.000000000000469 56.8393
52.10000000000047 56.8921
52.200000000000472 56.9448
52.300000000000473 56.9975
52.400000000000475 57.0501
52.500000000000476 57.1202
52.600000000000477 57.1727
52.700000000000479 57.2251
52.80000000000048 57.2775
52.900000000000482 57.3299
53.000000000000483 57.3822
53.100000000000485 57.4519
53.200000000000486 57.5041
53.300000000000487 57.5562
53.400000000000489 57.6083
53.50000000000049 57.6604
53.600000000000492 57.7124
53.700000000000493 57.7817
53.800000000000495 57.8336
53.900000000000496 57.8855
54.000000000000497 57.9373
54.100000000000499 57.989
54.2000000000005 58.0408
54.300000000000502 58.1096
54.400000000000503 58.1613
54.500000000000504 58.2128
54.600000000000506 58.2643
54.700000000000507 58.3158
54.800000000000509 58.3672
54.90000000000051 58.4357
55.000000000000512 58.4871
55.100000000000513 58.5383
55.200000000000514 58.5896
55.300000000000516 58.6408
55.400000000000517 58.6919
55.500000000000519 58.76
55.60000000000052 58.8111
55.700000000000522 58.8621
55.800000000000523 58.913
55.900000000000524 58.9639
56.000000000000526 59.0148
56.100000000000527 59.0825
56.200000000000529 59.1333
56.30000000000053 59.184
56.400000000000531 59.2347
56.500000000000533 59.2853
56.600000000000534 59.3359
56.700000000000536 59.4033
56.800000000000537 59.4538
56.900000000000539 59.5042
57.00000000000054 59.5546
57.100000000000541 59.605
57.200000000000543 59.6553
57.300000000000544 59.7223
57.400000000000546 59.7726
57.500000000000547 59.8227
57.600000000000549 59.8729
57.70000000000055 59.923
57.800000000000551 59.973
57.900000000000553 60.0397
58.000000000000554 60.0896
58.100000000000556 60.1395
58.200000000000557 60.1894
58.300000000000558 60.2392
58.40000000000056 60.289
58.500000000000561 60.3554
58.600000000000563 60.405
58.700000000000564 60.4547
58.800000000000566 60.5043
58.900000000000567 60.5539
59.000000000000568 60.6034
59.10000000000057 60.6694
59.200000000000571 60.7188
59.300000000000573 60.7682
59.400000000000574 60.8176
59.500000000000576 60.8669
59.600000000000577 60.9162
59.700000000000578 60.9818
59.80000000000058 61.031
59.900000000000581 61.0801
60.000000000000583 61.1292
60.100000000000584 61.1783
60.200000000000585 61.2273
60.300000000000587 61.2926
60.400000000000588 61.3415
60.50000000000059 61.3904
60.600000000000591 61.4393
60.700000000000593 61.4881
60.800000000000594 61.5369
60.900000000000595 61.6019
61.000000000000597 61.6505
61.100000000000598 61.6992
61.2000000000006 61.7478
61.300000000000601 61.7964
61.400000000000603 61.8449
61.500000000000604 61.9096
61.600000000000605 61.958
61.700000000000607 62.0064
61.800000000000608 62.0548
61.90000000000061 62.1031
62.000000000000611 62.1514
62.100000000000612 62.2157
62.200000000000614 62.2639
62.300000000000615 62.3121
62.400000000000617 62.3603
62.500000000000618 62.4083
62.60000000000062 62.4564
62.700000000000621 62.5204
62.800000000000622 62.5684
62.900000000000624 62.6163
63.000000000000625 62.6642
63.100000000000627 62.7121
63.200000000000628 62.7599
63.30000000000063 62.8236
63.400000000000631 62.8714
63.500000000000632 62.9191
63.600000000000634 62.9667
63.700000000000635 63.0144
63.800000000000637 63.062
63.900000000000638 63.1254
64.000000000000639 63.1729
64.100000000000634 63.2204
64.200000000000628 63.2678
64.300000000000622 63.3152
64.400000000000617 63.3626
64.500000000000611 63.4257
64.600000000000605 63.473
64.7000000000006 63.5202
64.800000000000594 63.5674
64.900000000000588 63.6146
65.000000000000583 63.6618
65.100000000000577 63.7246
65.200000000000571 63.7717
65.300000000000566 63.8187
65.40000000000056 63.8657
65.500000000000554 63.9126
65.600000000000549 63.9596
65.700000000000543 64.0221
65.800000000000537 64.0689
65.900000000000531 64.1157
66.000000000000526 64.1625
66.10000000000052 64.2093
66.200000000000514 64.256
66.300000000000509 64.3182
66.400000000000503 64.3648
66.500000000000497 64.4114
66.600000000000492 64.458
66.700000000000486 64.5045
66.80000000000048 64.551
66.900000000000475 64.613
67.000000000000469 64.6594
67.100000000000463 64.7058
67.200000000000458 64.7521
67.300000000000452 64.7985
67.400000000000446 64.8447
67.500000000000441 64.9064
67.600000000000435 64.9526
67.700000000000429 64.9988
67.800000000000423 65.0449
67.900000000000418 65.091
68.000000000000412 65.1371
68.100000000000406 65.1985
68.200000000000401 65.2445
68.300000000000395 65.2905
68.400000000000389 65.3364
68.500000000000384 65.3823
68.600000000000378 65.4282
68.700000000000372 65.4893
68.800000000000367 65.5351
68.900000000000361 65.5809
69.000000000000355 65.6266
69.10000000000035 65.6723
69.200000000000344 65.718
69.300000000000338 65.7788
69.400000000000333 65.8244
69.500000000000327 65.87
69.600000000000321 65.9155
69.700000000000315 65.961
69.80000000000031 66.0065
69.900000000000304 66.0671
70.000000000000298 66.1125
70.100000000000293 66.1578
70.200000000000287 66.2032
70.300000000000281 66.2485
70.400000000000276 66.2938
70.50000000000027 66.3541
70.600000000000264 66.3993
70.700000000000259 66.4444
70.800000000000253 66.4896
70.900000000000247 66.5347
71.000000000000242 66.5798
71.100000000000236 66.6398
71.20000000000023 66.6848
71.300000000000225 66.7298
71.400000000000219 66.7748
71.500000000000213 66.8197
71.600000000000207 66.8646
71.700000000000202 66.9244
71.800000000000196 66.9692
71.90000000000019 67.014
72.000000000000185 67.0587
72.100000000000179 67.1035
72.200000000000173 67.1482
72.300000000000168 67.2077
72.400000000000162 67.2523
72.500000000000156 67.2969
72.600000000000151 67.3415
72.700000000000145 67.386
72.800000000000139 67.4306
72.900000000000134 67.4899
73.000000000000128 67.5343
73.100000000000122 67.5787
73.200000000000117 67.6231
73.300000000000111 67.6674
73.400000000000105 67.7118
73.500000000000099 67.7708
73.600000000000094 67.8151
73.700000000000088 67.8593
73.800000000000082 67.9035
73.900000000000077 67.9477
74.000000000000071 67.9918
74.100000000000065 68.0506
74.20000000000006 68.0947
74.300000000000054 68.1388
74.400000000000048 68.1828
74.500000000000043 68.2268
74.600000000000037 68.2707
74.700000000000031 68.3293
74.800000000000026 68.3732
74.90000000000002 68.4171
75.000000000000014 68.4609
75.100000000000009 68.5047
75.200000000000003 68.5485
75.299999999999997 68.6068
75.399999999999991 68.6505
75.499999999999986 68.6942
75.59999999999998 68.7379
75.699999999999974 68.7815
75.799999999999969 68.8251
75.899999999999963 68.8832
75.999999999999957 68.9268
76.099999999999952 68.9703
76.199999999999946 69.0138
76.29999999999994 69.0572
76.399999999999935 69.1007
76.499999999999929 69.1585
76.599999999999923 69.2019
76.699999999999918 69.2453
76.799999999999912 69.2886
76.899999999999906 69.3319
76.999999999999901 69.3751
77.099999999999895 69.4328
77.199999999999889 69.476
77.299999999999883 69.5191
77.399999999999878 69.5623
77.499999999999872 69.6054
77.599999999999866 69.6485
77.699999999999861 69.7059
77.799999999999855 69.7489
77.899999999999849 69.7919
77.999999999999844 69.8349
78.099999999999838 69.8779
78.199999999999832 69.9208
78.299999999999827 69.978
78.399999999999821 70.0208
78.499999999999815 70.0637
78.59999999999981 70.1065
78.699999999999804 70.1493
78.799999999999798 70.192
78.899999999999793 70.249
78.999999999999787 70.2917
79.099999999999781 70.3344
79.199999999999775 70.377
79.29999999999977 70.4196
79.399999999999764 70.4622
79.499999999999758 70.519
79.599999999999753 70.5615
79.699999999999747 70.604
79.799999999999741 70.6465
79.899999999999736 70.6889
79.99999999999973 70.7314
80.099999999999724 70.7879
80.199999999999719 70.8303
80.299999999999713 70.8726
80.399999999999707 70.9149
80.499999999999702 70.9572
80.599999999999696 70.9995
80.69999999999969 71.0558
80.799999999999685 71.098
80.899999999999679 71.1402
80.999999999999673 71.1824
81.099999999999667 71.2245
81.199999999999662 71.2666
81.299999999999656 71.3228
81.39999999999965 71.3648
81.499999999999645 71.4068
81.599999999999639 71.4488
81.699999999999633 71.4908
81.799999999999628 71.5328
81.899999999999622 71.5887
81.999999999999616 71.6306
82.099999999999611 71.6725
82.199999999999605 71.7143
82.299999999999599 71.7561
82.399999999999594 71.8119
82.499999999999588 71.8536
82.599999999999582 71.8954
82.699999999999577 71.9371
82.799999999999571 71.9788
82.899999999999565 72.0204
82.999999999999559 72.076
83.099999999999554 72.1176
83.199999999999548 72.1592
83.299999999999542 72.2007
83.399999999999537 72.2423
83.499999999999531 72.2838
83.599999999999525 72.3391
83.69999999999952 72.3806
83.799999999999514 72.422
83.899999999999508 72.4634
83.999999999999503 72.5048
84.099999999999497 72.5462
84.199999999999491 72.6013
84.299999999999486 72.6426
84.39999999999948 72.6839
84.499999999999474 72.7252
84.599999999999469 72.7664
84.699999999999463 72.8077
84.799999999999457 72.8626
84.899999999999451 72.9038
84.999999999999446 72.9449
85.09999999999944 72.986
85.199999999999434 73.0271
85.299999999999429 73.0682
85.399999999999423 73.1229
85.499999999999417 73.1639
85.599999999999412 73.2049
85.699999999999406 73.2459
85.7999999999994 73.2869
85.899999999999395 73.3278
85.999999999999389 73.3823
86.099999999999383 73.4232
86.199999999999378 73.464
86.299999999999372 73.5049
86.399999999999366 73.5457
86.499999999999361 73.5865
86.599999999999355 73.6408
86.699999999999349 73.6815
86.799999999999343 73.7222
86.899999999999338 73.7629
86.999999999999332 73.8036
87.099999999999326 73.8442
87.199999999999321 73.8984
87.299999999999315 73.939
87.399999999999309 73.9795
87.499999999999304 74.0201
87.599999999999298 74.0606
87.699999999999292 74.1011
87.799999999999287 74.1551
87.899999999999281 74.1955
87.999999999999275 74.2359
88.09999999999927 74.2763
88.199999999999264 74.3167
88.299999999999258 74.3571
88.399999999999253 74.4109
88.499999999999247 74.4512
88.599999999999241 74.4915
88.699999999999235 74.5317
88.79999999999923 74.572
88.899999999999224 74.6122
88.999999999999218 74.6658
89.099999999999213 74.706
89.199999999999207 74.7461
89.299999999999201 74.7862
89.399999999999196 74.8264
89.49999999999919 74.8664
89.599999999999184 74.9199
89.699999999999179 74.9599
89.799999999999173 74.9999
89.899999999999167 75.0399
89.999999999999162 75.0799
90.099999999999156 75.1198
90.19999999999915 75.1731
90.299999999999145 75.213
90.399999999999139 75.2528
90.499999999999133 75.2927
90.599999999999127 75.3325
90.699999999999122 75.3723
90.799999999999116 75.4254
90.89999999999911 75.4652
90.999999999999105 75.5049
91.099999999999099 37.7525
91.199999999999093 37.7525
91.299999999999088 37.7525
91.399999999999082 37.7525
91.499999999999076 37.7525
91.599999999999071 37.7525
91.699999999999065 37.7525
91.799999999999059 37.7525
91.899999999999054 37.7525
91.999999999999048 37.7525
92.099999999999042 37.7525
92.199999999999037 37.7525
92.299999999999031 37.8583
92.399999999999025 37.9375
92.499999999999019 38.0165
92.599999999999014 38.0954
92.699999999999008 38.1741
92.799999999999002 38.2526
92.899999999998997 38.3571
92.999999999998991 38.4352
93.099999999998985 38.5132
93.19999999999898 38.5911
93.299999999998974 38.6687
93.399999999998968 38.7463
93.499999999998963 38.8494
93.599999999998957 38.9266
93.699999999998951 39.0036
93.799999999998946 39.0805
93.89999999999894 39.1572
93.999999999998934 39.2337
94.099999999998929 39.3356
94.199999999998923 39.4118
94.299999999998917 39.4879
94.399999999998911 39.5638
94.499999999998906 39.6396
94.5999999999989 39.7152
94.699999999998894 39.8158
94.799999999998889 39.8911
94.899999999998883 39.9663
94.999999999998877 40.0413
95.099999999998872 40.1162
95.199999999998866 40.1909
95.29999999999886 40.2904
95.399999999998855 40.3648
95.499999999998849 40.4391
95.599999999998843 40.5132
95.699999999998838 40.5872
95.799999999998832 40.6611
95.899999999998826 40.7594
95.99999999999882 40.8329
96.099999999998815 40.9063
96.199999999998809 40.9796
96.299999999998803 41.0528
96.399999999998798 41.1258
96.499999999998792 41.223
96.599999999998786 41.2957
96.699999999998781 41.3683
96.799999999998775 41.4408
96.899999999998769 41.5132
96.999999999998764 41.5854
97.099999999998758 41.6815
97.199999999998752 41.7534
97.299999999998747 41.8252
97.399999999998741 41.8969
97.499999999998735 41.9685
97.59999999999873 42.0399
97.699999999998724 42.135
97.799999999998718 42.2062
97.899999999998712 42.2772
97.999999999998707 42.3481
98.099999999998701 42.4189
98.199999999998695 42.4896
98.29999999999869 42.5837
98.399999999998684 42.6541
98.499999999998678 42.7244
98.599999999998673 42.7945
98.699999999998667 42.8646
98.799999999998661 42.9346
98.899999999998656 43.0277
98.99999999999865 43.0973
99.099999999998644 43.1669
99.199999999998639 43.2364
99.299999999998633 43.3057
99.399999999998627 43.375
99.499999999998622 43.4671
99.599999999998616 43.5361
99.69999999999861 43.605
99.799999999998604 43.6737
99.899999999998599 43.7424
99.999999999998593 43.8109
100.09999999999859 43.9022
100.19999999999858 43.9705
100.29999999999858 44.0386
100.39999999999857 44.1067
100.49999999999856 44.1747
100.59999999999856 44.2426
100.69999999999855 44.3329
100.79999999999855 44.4006
100.89999999999854 44.4681
100.99999999999854 44.5355
101.09999999999853 44.6029
101.19999999999852 44.6701
101.29999999999852 44.7596
101.39999999999851 44.8266
101.49999999999851 44.8934
101.5999999999985 44.9602
101.6999999999985 45.0269
101.79999999999849 45.0935
101.89999999999849 45.1822
101.99999999999848 45.2485
102.09999999999847 45.3148
102.19999999999847 45.381
102.29999999999846 45.447
102.39999999999846 45.513
102.49999999999845 45.6008
102.59999999999845 45.6666
102.69999999999844 45.7323
102.79999999999843 45.7978
102.89999999999843 45.8633
102.99999999999842 45.9287
103.09999999999842 46.0157
103.19999999999841 46.0809
103.29999999999841 46.146
103.3999999999984 46.2109
103.49999999999839 46.2758
103.59999999999839 46.3406
103.69999999999838 46.4269
103.79999999999838 46.4915
103.89999999999837 46.556
103.99999999999837 46.6204
104.09999999999836 46.6847
104.19999999999835 46.7489
104.29999999999835 46.8344
104.39999999999834 46.8985
104.49999999999834 46.9624
104.59999999999833 47.0262
104.69999999999833 47.09
104.79999999999832 47.1537
104.89999999999831 47.2385
104.99999999999831 47.3019
105.0999999999983 47.3653
105.1999999999983 47.4286
105.29999999999829 47.4919
105.39999999999829 47.555
105.49999999999828 47.6391
105.59999999999827 47.702
105.69999999999827 47.7649
105.79999999999826 47.8277
105.89999999999826 47.8904
105.99999999999825 47.953
106.09999999999825 48.0363
106.19999999999824 48.0988
106.29999999999824 48.1611
106.39999999999823 48.2234
106.49999999999822 48.2855
106.59999999999822 48.3477
106.69999999999821 48.4303
106.79999999999821 48.4923
106.8999999999982 48.5541
106.9999999999982 48.6159
107.09999999999819 48.6775
107.19999999999818 48.7391
107.29999999999818 48.8212
107.39999999999817 48.8826
107.49999999999817 48.9439
107.59999999999816 49.0052
107.69999999999816 49.0664
107.79999999999815 49.1275
107.89999999999814 49.2089
107.99999999999814 49.2698
108.09999999999813 49.3307
108.19999999999813 49.3915
108.29999999999812 49.4522
108.39999999999812 49.5128
108.49999999999811 49.5936
108.5999999999981 49.654
108.6999999999981 49.7144
108.79999999999809 49.7747
108.89999999999809 49.835
108.99999999999808 49.8952
109.09999999999808 49.9753
109.19999999999807 50.0353
109.29999999999806 50.0952
109.39999999999806 50.1551
109.49999999999805 50.2149
109.59999999999805 50.2746
109.69999999999804 50.3541
109.79999999999804 50.4137
109.89999999999803 50.4731
109.99999999999802 50.5326
110.09999999999802 50.5919
110.19999999999801 50.6512
110.29999999999801 50.7301
110.399999999998 50.7892
110.499999999998 50.8483
110.59999999999799 50.9072
110.69999999999798 50.9661
110.79999999999798 51.025
110.89999999999797 51.1033
110.99999999999797 51.162
111.09999999999796 51.2206
111.19999999999796 51.2792
111.29999999999795 51.3377
111.39999999999795 51.3961
111.49999999999794 51.4739
111.59999999999793 51.5321
111.69999999999793 51.5903
111.79999999999792 51.6484
111.89999999999792 51.7065
111.99999999999791 51.7838
112.09999999999791 51.8417
112.1999999999979 51.8996
112.29999999999789 51.9574
112.39999999999789 52.0151
112.49999999999788 52.0727
112.59999999999788 52.1495
112.69999999999787 52.207
112.79999999999787 52.2645
112.89999999999786 52.3218
112.99999999999785 52.3792
113.09999999999785 52.4364
113.19999999999784 52.5126
113.29999999999784 52.5698
113.39999999999783 52.6268
113.49999999999783 52.6838
113.59999999999782 52.7407
113.69999999999781 52.7976
113.79999999999781 52.8733
113.8999999999978 52.93
113.9999999999978 52.9867
114.09999999999779 53.0433
114.19999999999779 53.0998
114.29999999999778 53.1563
114.39999999999777 53.2315
114.49999999999777 53.2878
114.59999999999776 53.3441
114.69999999999776 53.4003
114.79999999999775 53.4565
114.89999999999775 53.5126
114.99999999999774 53.5873
115.09999999999773 53.6433
115.19999999999773 53.6992
115.29999999999772 53.755
115.39999999999772 53.8108
115.49999999999771 53.8665
115.59999999999771 53.9408
115.6999999999977 53.9964
115.79999999999769 54.0519
115.89999999999769 54.1074
115.99999999999768 54.1628
116.09999999999768 54.2182
116.19999999999767 54.2919
116.29999999999767 54.3471
116.39999999999766 54.4023
116.49999999999766 54.4575
116.59999999999765 54.5125
116.69999999999764 54.5675
116.79999999999764 54.6408
116.89999999999763 54.6957
116.99999999999763 54.7505
117.09999999999762 54.8053
117.19999999999762 54.86
117.29999999999761 54.9147
117.3999999999976 54.9875
117.4999999999976 55.042
117.59999999999759 55.0965
117.69999999999759 55.1509
117.79999999999758 55.2053
117.89999999999758 55.2597
117.99999999999757 55.332
118.09999999999756 55.3862
118.19999999999756 55.4404
118.29999999999755 55.4944
118.39999999999755 55.5485
118.49999999999754 55.6025
118.59999999999754 55.6744
118.69999999999753 55.7282
118.79999999999752 55.7821
118.89999999999752 55.8358
118.99999999999751 55.8895
119.09999999999751 55.9432
119.1999999999975 56.0147
119.2999999999975 56.0682
119.39999999999749 56.1217
119.49999999999748 56.1751
119.59999999999748 56.2285
119.69999999999747 56.2819
119.79999999999747 56.3529
119.89999999999746 56.4061
119.99999999999746 56.4593
120.09999999999745 56.5124
120.19999999999744 56.5655
120.29999999999744 56.6185
120.39999999999743 56.6891
120.49999999999743 56.742
120.59999999999742 56.7949
120.69999999999742 56.8477
120.79999999999741 56.9004
120.89999999999741 56.9531
120.9999999999974 57.0233
121.09999999999739 57.0759
121.19999999999739 57.1285
121.29999999999738 57.181
121.39999999999738 57.2334
121.49999999999737 57.2858
121.59999999999737 57.3556
121.69999999999736 57.4079
121.79999999999735 57.4601
121.89999999999735 57.5123
121.99999999999734 57.5645
122.09999999999734 57.6166
122.19999999999733 57.686
122.29999999999733 57.738
122.39999999999732 57.7899
122.49999999999731 57.8418
122.59999999999731 57.8937
122.6999999999973 57.9455
122.7999999999973 58.0145
122.89999999999729 58.0662
122.99999999999729 58.1178
123.09999999999728 58.1694
123.19999999999727 58.221
123.29999999999727 58.2725
123.39999999999726 58.3411
123.49999999999726 58.3925
123.59999999999725 58.4439
123.69999999999725 58.4952
123.79999999999724 58.5465
123.89999999999723 58.5977
123.99999999999723 58.6659
124.09999999999722 58.717
124.19999999999722 58.7681
124.29999999999721 58.8191
124.39999999999721 58.8701
124.4999999999972 58.9211
124.59999999999719 58.9889
124.69999999999719 59.0398
124.79999999999718 59.0906
124.89999999999718 59.1413
124.99999999999717 59.1582
